2 0.736149 0.670923 0.263261 0.477407
3 0.353045 0.743615 0.106090 0.198428
3 0.194892 0.787819 0.131631 0.188605
3 0.126130 0.588409 0.111984 0.182711
3 0.247937 0.543222 0.080550 0.139489
3 0.352063 0.488212 0.080550 0.135560
3 0.395285 0.350688 0.049116 0.108055
3 0.329470 0.307466 0.051081 0.084479
3 0.669352 0.383104 0.082515 0.094303
9 0.559332 0.540275 0.102161 0.176817
9 0.523969 0.291749 0.062868 0.088409
5 0.265619 0.293713 0.056974 0.104126
5 0.324558 0.187623 0.088409 0.100196
5 0.421807 0.161100 0.047151 0.062868
3 0.656581 0.283890 0.049116 0.068762
3 0.582908 0.303536 0.051081 0.092338